0.0 0.0015779961225921154 1.41890765343207e-6
0.010526315789473684 0.001424196559994769 9.678198991523805e-7
0.021052631578947368 0.0032060855966133577 2.9958494240601198e-6
0.031578947368421054 0.002078377881009316 1.166359962816593e-6
0.042105263157894736 0.0007506567820756416 2.94921584133731e-7
0.05263157894736842 0.0017497402933042037 9.49712352619721e-7
0.06315789473684211 0.002278783247155893 1.8617558132064992e-6
0.07368421052631578 0.005792016633585061 3.530416024041607e-6
0.08421052631578947 0.0008661205593523559 5.570113653816418e-7
0.09473684210526316 0.003391830503686301 3.9782069095107954e-6
0.10526315789473684 0.07761726787712604 4.717976674821142e-5
0.11578947368421054 0.02908474233230398 6.3948556904479e-5
0.12631578947368421 0.5224256511636741 0.0019394673486741731
0.1368421052631579 0.5393266974192525 0.008160079528839737
0.14736842105263157 0.716518593154825 2.1851854071774923e-6
0.15789473684210528 0.746576867013751 1.8150362528501773e-5
0.16842105263157894 0.7785105698822289 4.352640972871136e-6
0.17894736842105263 0.7980914247281031 2.703522874680786e-6
0.18947368421052632 0.8164902143534499 1.5439506052539187e-6
0.2 0.8329070526939647 1.5368203156729265e-6
